# Created by Octave 4.4.0, Thu Oct 04 16:02:29 2018 CEST <adi@adi-thinkpad>
# name: M
# type: scalar
10000


# name: P
# type: matrix
# rows: 1
# columns: 100
 17.916554944539961 37.334493639463091 1.5329009839288275 3.0944013504322081 0.29078244349626714 0.64402697362128247 0.19959835526228553 0.30207606034632217 0.55081863380253937 3.2408264294154217 0.10583955516651944 6.5862808080739175 0.051685495766475409 2.0588319362119187 2.0779521064989122 1.2434387800581628 0.043204004784863637 0.40581391948092804 0.089898965044295176 0.017982431741744742 0.62272999158314613 0.23721356220612333 7.8102528306862222 1.7382529761376513 1.3750533192566898 0.37627285970681412 0.33155701127362724 0.40981211216712921 5.4183063983365347 0.78193714523157043 0.42119975690789757 1.2742579973137884 0.20118682899618134 0.95179080985272324 9.8224545434449535 0.84398532115380132 15.604000637272431 0.82312382117699312 2.7103943720061152 0.16386688031271035 1.6438891078949385 1.3378630842541153 0.36002154380493989 8.9727163372799552 0.75775942140513131 1.4283066750941193 0.88849046819599664 0.12531794284330711 0.67676370269076691 1.1678325250686257 5.8873419701459619 1.9877727192695525 3.6046181651672269 6.9790393610802184 0.25536443089585403 0.00079648837848833587 2.1402934327373053 0.62530401667041358 0.58524135580341285 8.2125283556603463 8.7483841025293501 0.73322259378480115 3.0924786382565888 4.3216571759126108 2.0633325063647114 2.8089910065821595 21.33003213559039 0.37437706805278492 0.048066919543258146 51.021923724386774 1.979908744148398 1.5868139623286379 0.026043767419911878 9.664120637590381 0.79614616508512781 1.6275346825122763 1.714870456722553 2.4813120463427913 1.5536410990937033 0.3539831093392467 4.284593071122373 2.9783549574673143 1.2176962363495596 1.9332692668962261 3.0888939801675672 8.8436527016067643 0.15427666214346325 0.87932124834499725 0.026546544284199891 0.55317293239392584 1.2742745870607868 3.2852040431327989 1.10511232078722 0.34209152432682277 1.0456745862506027 532.72023381538327 0.19805413766361912 4.0406211964137757 1.4248964834420343 0.20034894253795854


# name: U
# type: matrix
# rows: 1
# columns: 10000
 7 14 1 20 19 1 36 8 16 7 13 7 6 24 1 10 7 10 1 1 15 4 3 2 19 4 4 23 6 5 3 7 21 1 10 31 10 7 12 1 1 4 2 1 1 6 7 3 6 26 4 10 17 21 17 2 1 4 23 2 2 5 9 13 3 5 5 4 1 1 7 8 3 5 15 2 6 43 5 1 25 8 18 4 4 4 6 1 22 2 5 6 8 12 19 2 6 2 23 4 35 12 18 15 7 9 20 3 5 10 38 2 3 8 2 2 7 8 6 5 4 12 4 11 15 2 5 7 13 22 4 14 18 6 7 3 16 5 12 28 3 2 22 8 16 1 7 1 13 1 3 13 28 22 4 4 5 7 10 5 11 12 9 14 5 5 1 28 11 1 6 11 4 20 10 14 4 10 1 17 2 1 1 6 2 6 22 26 18 2 18 15 15 8 29 20 11 4 6 16 9 7 5 4 9 31 9 7 4 1 31 40 2 13 28 3 2 2 13 17 10 10 32 13 2 4 8 9 8 21 11 1 3 7 8 28 1 19 16 11 7 5 49 4 2 10 20 19 6 1 6 10 6 9 20 15 21 21 23 29 4 28 11 12 13 8 15 6 7 2 3 2 3 9 2 11 3 4 8 28 31 3 6 5 10 4 7 34 23 6 4 2 22 36 2 6 7 2 16 11 13 3 11 11 1 5 7 11 17 9 15 6 3 37 17 4 52 30 6 4 17 5 16 8 5 7 29 9 2 10 3 7 21 10 1 16 7 1 19 11 16 15 1 5 16 5 5 23 5 5 6 13 38 3 2 2 9 21 10 8 4 11 7 24 10 6 1 17 7 4 23 2 6 17 2 5 16 12 8 11 14 1 5 27 4 3 4 8 5 11 6 49 13 14 10 3 7 4 25 17 6 1 2 16 7 24 19 6 9 1 39 4 9 17 5 5 25 5 13 18 20 11 22 3 11 8 3 21 3 15 24 59 18 28 38 22 2 12 11 1 6 3 5 29 7 7 12 1 4 1 11 8 15 12 22 6 1 4 12 28 16 3 21 5 16 1 2 15 4 7 28 19 2 6 24 9 1 15 11 2 2 11 19 2 9 12 2 9 1 15 1 13 18 4 1 11 2 11 1 6 7 9 24 45 3 1 1 13 4 5 2 27 5 1 18 1 7 2 1 3 3 4 10 28 1 3 15 10 2 3 2 12 16 13 1 29 4 1 22 5 2 3 4 4 26 2 1 2 4 21 2 40 8 1 13 10 11 12 3 30 25 5 2 14 19 7 3 9 6 4 2 5 11 5 5 13 14 1 12 1 7 36 10 12 36 15 6 5 11 4 7 29 5 16 9 42 7 24 11 8 6 5 9 13 2 20 10 4 10 6 9 16 3 1 15 2 4 11 3 2 2 6 16 3 2 2 23 1 10 8 3 6 12 8 10 12 1 17 1 28 2 3 5 17 3 12 2 20 17 2 29 9 14 34 17 9 4 12 4 3 5 4 10 11 16 8 2 1 34 6 10 5 3 1 3 38 8 7 3 6 6 21 21 8 5 40 23 7 2 1 12 11 16 8 3 11 19 6 4 3 3 29 1 2 2 22 4 6 12 15 4 5 7 6 2 23 2 1 1 1 8 6 2 2 5 1 3 32 10 1 12 1 9 27 7 15 5 3 2 4 2 13 16 4 3 18 4 7 42 1 10 15 15 9 3 18 3 14 14 19 13 5 15 3 2 6 2 10 1 18 5 18 30 26 4 12 5 15 5 5 6 8 15 1 7 9 13 16 5 3 8 12 12 2 14 10 8 2 4 31 7 17 14 9 9 41 38 5 3 2 2 12 7 8 4 25 15 2 13 2 17 13 29 5 1 10 15 13 2 32 9 1 6 3 2 4 12 15 2 11 5 20 5 12 28 1 19 1 31 4 3 7 9 5 29 3 9 10 30 19 31 7 11 4 2 11 27 8 4 14 19 8 17 7 13 3 9 15 10 2 17 6 19 11 5 1 6 19 12 1 2 48 3 21 2 8 36 2 11 12 38 3 5 1 2 21 5 2 2 6 19 3 8 4 3 3 4 6 1 6 1 3 2 20 17 15 4 20 38 5 4 20 9 5 1 5 10 1 6 1 4 10 10 5 11 9 2 1 10 1 6 6 8 7 7 2 8 5 36 1 11 28 1 5 4 36 6 4 6 10 18 13 5 10 4 12 3 1 8 10 10 11 10 11 28 2 20 6 5 8 6 3 8 9 1 4 12 47 8 6 24 6 12 11 13 20 4 6 19 11 18 21 6 13 12 3 10 2 8 10 1 21 1 2 20 10 34 1 2 1 23 13 8 6 34 17 30 3 2 38 14 10 11 9 13 38 8 12 2 17 7 7 2 13 1 12 4 20 2 9 3 18 39 2 1 13 6 1 5 1 9 18 2 14 6 30 6 1 2 7 4 7 11 44 1 36 8 14 13 10 18 2 3 8 58 6 4 1 1 6 14 18 11 9 3 12 18 9 51 21 10 2 2 3 3 35 19 12 1 5 52 6 7 12 6 15 6 15 4 16 6 2 17 24 13 17 5 1 12 4 27 4 6 3 30 12 1 19 2 13 5 14 7 15 13 11 2 4 10 6 4 9 11 20 27 16 6 4 3 9 9 26 20 8 12 11 21 6 6 6 9 5 5 2 7 7 7 8 6 3 4 2 1 27 7 1 14 40 3 37 2 1 1 1 10 9 5 9 22 17 4 2 8 6 5 7 5 10 19 4 7 11 26 17 10 2 2 10 3 12 3 11 2 2 10 6 12 2 4 11 17 16 1 1 2 1 3 7 3 6 3 9 6 2 3 26 3 4 8 1 3 14 8 4 9 9 2 19 29 1 15 15 8 8 6 2 1 5 13 5 22 10 29 10 10 15 35 28 7 6 12 3 9 1 1 2 28 19 4 2 5 3 5 6 1 5 20 3 4 4 5 1 4 3 9 3 8 13 5 1 24 18 1 4 11 7 25 24 10 10 2 5 13 14 4 5 46 4 4 4 7 45 7 28 2 18 2 13 12 7 21 5 11 24 40 37 10 3 19 27 25 5 1 1 14 3 1 9 18 11 16 21 1 8 7 10 19 9 23 7 12 15 12 32 31 13 17 25 5 6 1 16 13 3 13 2 5 4 1 11 27 5 33 4 10 17 2 3 6 4 3 7 14 18 3 12 1 15 23 17 14 1 1 11 9 16 5 11 2 40 9 6 5 4 6 12 11 7 8 20 26 7 11 1 6 9 2 18 24 11 9 21 4 19 3 51 9 15 12 5 1 3 29 24 22 13 1 10 26 5 8 17 28 9 6 10 10 1 11 1 9 16 6 5 21 4 11 9 18 17 2 2 9 28 5 3 15 9 5 3 2 8 1 4 42 10 5 2 6 11 7 1 13 33 1 40 9 3 16 6 3 2 13 6 12 25 23 11 20 2 2 1 6 11 14 5 1 22 1 2 14 4 9 3 4 14 3 33 1 6 23 1 3 6 3 16 13 4 14 17 17 7 18 3 10 5 1 6 13 3 7 9 32 24 13 10 12 2 10 21 13 41 9 27 3 1 8 3 18 15 3 7 2 1 13 4 4 2 5 8 6 5 1 1 11 22 12 5 18 2 3 4 12 7 1 13 10 1 14 2 12 1 2 3 10 8 12 2 6 26 5 2 9 6 5 4 1 7 9 4 1 24 12 9 5 5 1 17 4 16 19 38 14 8 1 11 3 14 2 10 1 19 3 1 2 13 2 11 13 11 14 6 44 8 20 4 2 1 16 5 5 2 27 6 11 9 16 1 4 3 6 14 9 7 8 83 20 6 10 12 15 6 9 22 8 5 1 13 8 39 3 10 3 5 4 2 7 28 10 47 14 3 8 10 11 6 4 2 2 1 4 11 4 3 22 5 1 1 20 9 1 10 12 2 9 5 13 1 7 6 4 1 1 3 14 27 16 2 5 4 4 6 14 4 1 12 2 10 1 1 8 15 8 60 12 1 20 4 5 1 19 4 7 9 1 17 5 2 14 15 3 3 8 21 32 7 11 3 22 1 7 7 17 6 3 13 7 6 14 1 4 2 9 3 4 5 1 1 4 11 35 9 12 19 10 2 17 1 3 1 11 21 12 29 5 1 2 4 6 12 6 30 5 16 17 17 8 10 6 10 2 15 34 6 23 19 22 14 8 3 24 12 8 14 4 8 9 4 18 2 3 1 4 3 5 18 31 16 2 2 13 23 3 2 31 7 3 11 3 10 27 1 14 1 2 2 42 4 34 1 11 14 4 14 16 28 3 9 6 17 9 12 19 35 8 9 11 20 24 19 14 28 1 21 3 14 11 10 7 9 13 16 3 1 14 3 1 2 8 1 5 8 9 4 40 5 1 5 22 5 3 2 4 5 4 7 7 5 5 17 2 25 3 1 10 2 11 5 5 21 6 2 29 1 3 18 12 8 27 15 20 5 4 8 5 26 25 5 1 21 5 5 8 2 5 16 6 7 3 29 2 4 15 23 1 30 21 10 13 17 8 7 2 17 9 18 7 37 4 6 8 24 7 5 18 9 6 2 1 4 4 5 2 9 16 3 6 20 8 12 12 15 29 6 55 15 19 1 2 8 11 1 2 21 6 7 2 4 11 4 7 4 7 4 4 44 12 12 24 38 30 5 2 8 5 16 6 15 14 7 10 20 17 7 1 5 16 12 1 4 3 11 3 2 3 2 2 1 14 14 21 15 7 39 7 6 1 6 5 3 30 36 7 20 23 4 13 7 4 3 1 10 12 10 12 3 44 12 3 3 21 3 22 10 6 12 3 4 3 21 18 8 9 3 1 2 10 6 2 21 1 3 2 9 12 2 7 2 1 4 12 20 1 8 3 4 15 14 10 4 12 3 2 9 16 23 5 4 14 7 10 1 2 1 5 13 5 16 19 1 3 16 4 17 4 10 1 2 1 8 6 6 27 20 2 3 11 9 4 5 12 7 29 1 21 8 5 9 4 1 6 30 2 4 15 3 15 22 16 28 12 14 12 13 22 9 2 2 4 2 9 8 7 5 3 22 23 13 13 9 10 13 4 2 4 17 11 4 7 2 7 11 2 9 4 2 1 8 5 13 15 22 7 3 4 14 22 5 13 11 26 1 2 1 1 2 6 3 15 20 28 12 2 45 11 20 2 8 16 10 6 4 3 18 1 9 3 4 2 2 20 21 33 11 3 5 11 1 5 4 1 14 1 1 20 4 3 12 19 1 8 3 17 5 12 17 22 1 1 14 4 11 17 7 29 1 5 2 3 9 1 7 5 3 2 6 11 1 6 6 28 6 6 6 11 21 4 2 5 1 10 37 16 2 4 4 32 16 1 23 9 1 12 12 5 12 19 2 19 11 2 30 5 10 11 6 4 5 15 7 1 2 8 27 1 4 5 8 17 8 12 3 26 18 43 12 17 3 7 19 10 1 